0.12694 38.8881 0.1103 58.8032990747 -39.8898065068 38.8716470925
0.25609 40.6168 0.1983 66.7383391191 -47.9169177898 40.5615680161
0.08848 37.9822 0.1372 64.9693803716 -47.1788116315 38.0324736089
0.11797 38.537 0.0958 79.7656714517 -54.3724099821 38.6998568707
0.18322 39.6183 0.112 178.012345557 -49.1119485377 39.7444286782
0.1407 39.1848 0.1112 50.185370503 -30.9116573962 39.1142334903
0.15186 39.1514 0.1018 46.0928180926 -26.3081627926 39.2952117805
0.09401 38.2303 0.1397 47.5028231141 -25.7759184401 38.1722713943
0.28662 41.0206 0.1665 132.179923851 -62.6635468946 40.8413476153
0.26349 40.724 0.1495 100.5497009 -60.3311144458 40.6320899249
0.1431 39.1163 0.1008 185.62013635 -43.8688411448 39.154256737
0.16035 39.2733 0.1101 148.595310341 -61.2073813215 39.4247709248
0.12303 38.7979 0.1064 50.0184589705 -28.7491193819 38.7982127078
0.12608 38.7224 0.1025 187.417808545 -41.3677710075 38.8556791332
0.17315 39.4918 0.0952 132.128569395 -63.6198835506 39.608522675
0.16431 39.3527 0.1039 139.665736188 -62.86395154 39.4830324556
0.1599 39.3146 0.1048 151.250380203 -59.0938868277 39.4180658738
